40478
447444444444444444447444444444
444444444444444444444444744444
444444444444444444444444444444
444444444474444444444444444444
444444444444444444444444444474
444444444444444444444444444444
444444444444474444444444444444
444444444444444444444444444444
444444444444444444444444444444
444444444444444444474444444447
444444444444444444444444444444
444444444444444444444444444444
444444444444444444444474444444
444444444444444444444444444444
444444444444444444444444444444
744444444444444744444444444444
444444444444444444444444444444
444744444444444444444444444444
444444444444444444444444444444
444444444444444444444444474474
444444444444444444444444447444
444444447444444444444444444444
444444444444444444444444444444
444444444444444444444444444444
444444444444444444444444444444
444444444444444444444444444474
444444444444444444444444447744
444444444444444444444444444444
444444444444444444444444444444
444444444444444444444444444444
444444444444444444444444444444
444444444444444444444444444444
444444444444444444444444744444
447444444444444444444444444444
444444444444444444444444444444
444444444444444444444444444444
444444444444444444444444444444
444444444444444444444444444444
444444444444444444444444444444
444444444444444444444444444444
